[Dual Faith Buddhism and Shamanism in Mongolia..JPG]
filters=finetune2=1,0.000000,0.196491,0.000000,00000000,0.000000;
moddate=6676e2f0f1f8d301
width=3416
height=2471
textactive=0
[Fatalist.JPG]
filters=finetune2=1,0.000000,0.053333,0.011228,00000000,0.000000;
moddate=98198d666961d401
width=2475
height=3475
textactive=0
[Good Intention.JPG]
filters=finetune2=1,0.000000,0.047719,0.000000,00000000,0.000000;
moddate=438daba5a9add401
width=2489
height=3462
textactive=0
[A friend.JPG]
filters=finetune2=1,0.000000,0.000000,0.072982,00000000,0.000000;
moddate=f2e81ad792ced401
width=2408
height=3240
textactive=0
